0 64 1
0 448 1
0 2 1
0 388 1
0 453 1
0 646 1
0 168 1
0 265 1
0 1610 1
0 139 1
0 882 1
0 1395 1
0 340 1
0 345 1
1 2 1
1 3 1
1 4 1
1 7 1
1 8 1
1 1547 1
1 12 1
1 13 1
1 15 1
1 16 1
1 23 1
1 24 1
1 31 1
1 33 1
1 37 1
1 2086 1
1 41 1
1 42 1
1 2055 1
1 45 1
1 520 1
1 1460 1
1 70 1
1 72 1
1 75 1
1 596 1
1 597 1
1 2233 1
1 107 1
1 117 1
1 127 1
1 1152 1
1 131 1
1 132 1
1 647 1
1 648 1
1 137 1
1 1687 1
1 1690 1
1 368 1
1 1819 1
1 180 1
1 185 1
1 1212 1
1 702 1
1 1219 1
1 1756 1
1 734 1
1 225 1
1 980 1
1 1066 1
1 2303 1
1 1280 1
1 261 1
1 264 1
1 1300 1
1 1307 1
1 1308 1
1 2011 1
1 136 1
1 820 1
1 478 1
1 1334 1
1 1340 1
1 318 1
1 2357 1
1 844 1
1 851 1
1 342 1
1 2394 1
1 1972 1
1 1886 1
1 1888 1
1 880 1
1 2425 1
1 390 1
1 908 1
1 398 1
1 1937 1
1 2466 1
1 2474 1
1 432 1
1 1970 1
1 436 1
1 437 1
1 1995 1
1 1487 1
1 467 1
1 468 1
1 1499 1
1 990 1
1 479 1
1 481 1
1 2022 1
1 1007 1
1 1520 1
1 2301 1
1 2037 1
1 1019 1
2 514 1
2 3 1
2 4 1
2 5 1
2 9 1
2 1546 1
2 1026 1
2 88 1
2 21 1
2 22 1
2 26 1
2 27 1
2 1566 1
2 1541 1
2 33 1
2 546 1
2 1572 1
2 1061 1
2 39 1
2 44 1
2 47 1
2 50 1
2 2227 1
2 55 1
2 58 1
2 607 1
2 60 1
2 66 1
2 70 1
2 1607 1
2 1614 1
2 80 1
2 1105 1
2 596 1
2 1624 1
2 2475 1
2 94 1
2 1119 1
2 1637 1
2 1126 1
2 615 1
2 1640 1
2 112 1
2 122 1
2 2173 1
2 133 1
2 705 1
2 136 1
2 2190 1
2 2204 1
2 1694 1
2 164 1
2 2216 1
2 170 1
2 172 1
2 2221 1
2 178 1
2 179 1
2 1217 1
2 194 1
2 1739 1
2 210 1
2 216 1
2 729 1
2 1754 1
2 731 1
2 221 1
2 229 1
2 757 1
2 761 1
2 762 1
2 1296 1
2 786 1
2 2323 1
2 788 1
2 217 1
2 1309 1
2 1074 1
2 304 1
2 2184 1
2 1336 1
2 840 1
2 1356 1
2 1875 1
2 342 1
2 1885 1
2 2404 1
2 360 1
2 1396 1
2 904 1
2 1421 1
2 913 1
2 583 1
2 1458 1
2 1976 1
2 960 1
2 1985 1
2 972 1
2 2033 1
2 102 1
3 1795 1
3 6 1
3 11 1
3 144 1
3 17 1
3 659 1
3 20 1
3 22 1
3 1306 1
3 34 1
3 1445 1
3 294 1
3 1193 1
3 1838 1
3 180 1
3 53 1
3 2105 1
3 1851 1
3 949 1
3 1859 1
3 964 1
3 1014 1
3 483 1
3 725 1
3 2135 1
3 219 1
3 99 1
3 612 1
3 613 1
3 401 1
3 113 1
3 339 1
3 246 1
3 121 1
4 5 1
4 6 1
4 395 1
4 2193 1
4 915 1
4 1048 1
4 25 1
4 158 1
4 1955 1
4 134 1
4 937 1
4 1068 1
4 1709 1
4 302 1
4 48 1
4 2227 1
4 30 1
4 183 1
4 1850 1
4 193 1
4 1348 1
4 1350 1
4 2251 1
4 207 1
4 1635 1
4 471 1
4 2138 1
4 2144 1
4 227 1
4 104 1
4 107 1
4 1775 1
4 115 1
4 1271 1
5 1920 1
5 86 1
5 2178 1
5 7 1
5 8 1
5 9 1
5 524 1
5 1666 1
5 14 1
5 621 1
5 1040 1
5 18 1
5 1683 1
5 21 1
5 406 1
5 409 1
5 260 1
5 156 1
5 800 1
5 1698 1
5 165 1
5 668 1
5 1735 1
5 46 1
5 944 1
5 2482 1
5 1843 1
5 53 1
5 2104 1
5 831 1
5 1833 1
5 502 1
5 71 1
5 1736 1
5 74 1
5 1826 1
5 78 1
5 1933 1
5 211 1
5 214 1
5 2136 1
5 2255 1
5 92 1
5 1373 1
5 734 1
5 479 1
5 2017 1
5 1403 1
5 1253 1
5 2150 1
5 362 1
5 109 1
5 754 1
5 884 1
5 246 1
5 119 1
5 123 1
5 380 1
6 11 1
6 16 1
6 19 1
6 20 1
6 23 1
6 26 1
6 2075 1
6 1056 1
6 39 1
6 555 1
6 54 1
6 58 1
6 61 1
6 64 1
6 584 1
6 81 1
6 600 1
6 1636 1
6 90 1
6 1627 1
6 95 1
6 1124 1
6 105 1
6 1645 1
6 116 1
6 1653 1
6 1657 1
6 641 1
6 657 1
6 154 1
6 158 1
6 200 1
6 1203 1
6 1206 1
6 695 1
6 184 1
6 186 1
6 195 1
6 2337 1
6 1736 1
6 1231 1
6 209 1
6 722 1
6 222 1
6 805 1
6 228 1
6 746 1
6 747 1
6 1787 1
6 259 1
6 269 1
6 2322 1
6 2328 1
6 284 1
6 2333 1
6 799 1
6 1313 1
6 293 1
6 296 1
6 301 1
6 308 1
6 309 1
6 2372 1
6 332 1
6 333 1
6 336 1
6 1370 1
6 859 1
6 351 1
6 1394 1
6 1907 1
6 372 1
6 895 1
6 898 1
6 397 1
6 914 1
6 403 1
6 1437 1
6 927 1
6 960 1
6 456 1
6 461 1
6 1486 1
6 464 1
6 2013 1
6 991 1
6 1508 1
6 487 1
6 1530 1
6 1531 1
7 798 1
7 2113 1
7 558 1
7 10 1
7 813 1
7 110 1
7 1009 1
7 2450 1
7 19 1
7 149 1
7 27 1
7 522 1
7 30 1
7 885 1
8 899 1
8 1796 1
8 2454 1
8 1671 1
8 10 1
8 13 1
8 147 1
8 790 1
8 666 1
8 283 1
8 284 1
8 1285 1
8 32 1
8 1819 1
8 420 1
8 166 1
8 552 1
8 28 1
8 2418 1
8 47 1
8 51 1
8 1463 1
8 956 1
8 650 1
8 190 1
8 1343 1
8 2371 1
8 69 1
8 326 1
8 201 1
8 203 1
8 2423 1
8 853 1
8 88 1
8 1117 1
8 2245 1
8 1252 1
8 38 1
8 1382 1
8 2172 1
8 112 1
8 370 1
8 2049 1
8 1659 1
8 124 1
8 894 1
8 1151 1
9 427 1
9 523 1
9 12 1
9 526 1
9 2063 1
9 17 1
9 18 1
9 1559 1
9 32 1
9 36 1
9 40 1
9 559 1
9 50 1
9 51 1
9 52 1
9 56 1
9 59 1
9 63 1
9 2119 1
9 524 1
9 75 1
9 76 1
9 2129 1
9 83 1
9 1108 1
9 1626 1
9 15 1
9 1633 1
9 1367 1
9 583 1
9 1647 1
9 114 1
9 2185 1
9 138 1
9 652 1
9 150 1
9 2208 1
9 1186 1
9 168 1
9 175 1
9 2228 1
9 1717 1
9 182 1
9 708 1
9 711 1
9 724 1
9 1060 1
9 1242 1
9 224 1
9 1766 1
9 747 1
9 2289 1
9 242 1
9 1779 1
9 774 1
9 777 1
9 267 1
9 268 1
9 271 1
9 1301 1
9 295 1
9 562 1
9 313 1
9 831 1
9 1861 1
9 2374 1
9 1872 1
9 2104 1
9 850 1
9 343 1
9 348 1
9 365 1
9 2429 1
9 898 1
9 911 1
9 1949 1
9 1961 1
9 1451 1
9 947 1
9 440 1
9 454 1
9 987 1
9 476 1
9 480 1
9 2291 1
9 492 1
9 498 1
9 1551 1
9 508 1
10 515 1
10 772 1
10 152 1
10 1316 1
10 2214 1
10 2215 1
10 49 1
10 1131 1
10 824 1
10 1599 1
10 67 1
10 69 1
10 199 1
10 328 1
10 609 1
10 358 1
10 1643 1
10 2034 1
10 635 1
10 126 1
10 767 1
11 262 1
11 1287 1
11 14 1
11 1041 1
11 1283 1
11 2070 1
11 540 1
11 29 1
11 546 1
11 423 1
11 41 1
11 686 1
11 1968 1
11 306 1
11 436 1
11 54 1
11 1082 1
11 1471 1
11 579 1
11 1477 1
11 73 1
11 1227 1
11 212 1
11 215 1
11 1030 1
11 1637 1
11 485 1
11 103 1
11 105 1
11 362 1
11 366 1
11 1140 1
11 501 1
11 2260 1
11 1662 1
11 126 1
12 35 1
12 1860 1
12 327 1
12 1927 1
12 470 1
12 536 1
13 2083 1
13 2348 1
13 877 1
13 1295 1
13 1112 1
13 1051 1
14 1794 1
14 1162 1
14 2060 1
14 533 1
14 416 1
14 34 1
14 164 1
14 1581 1
14 1840 1
14 696 1
14 1724 1
14 1418 1
14 2368 1
14 65 1
14 652 1
14 205 1
14 90 1
14 861 1
14 351 1
14 2291 1
14 761 1
15 2468 1
15 709 1
15 198 1
15 833 1
15 234 1
15 45 1
15 1148 1
15 1958 1
15 55 1
15 24 1
15 410 1
15 892 1
15 474 1
15 95 1
16 387 1
16 424 1
16 682 1
16 1357 1
16 2480 1
16 150 1
16 664 1
16 601 1
16 1690 1
16 636 1
16 1311 1
17 677 1
17 561 1
17 586 1
17 1399 1
17 914 1
17 142 1
17 145 1
17 594 1
17 87 1
17 28 1
17 799 1
18 1344 1
18 227 1
18 941 1
18 622 1
18 173 1
18 1973 1
19 128 1
19 896 1
19 258 1
19 771 1
19 516 1
19 1708 1
19 1037 1
19 144 1
19 1297 1
19 1540 1
19 1051 1
19 1436 1
19 29 1
19 1694 1
19 288 1
19 1185 1
19 930 1
19 35 1
19 1956 1
19 753 1
19 2347 1
19 1196 1
19 2465 1
19 1714 1
19 2489 1
19 698 1
19 1525 1
19 1088 1
19 1568 1
19 1903 1
19 1505 1
19 200 1
19 83 1
19 86 1
19 87 1
19 1124 1
19 858 1
19 347 1
19 1247 1
19 737 1
19 1507 1
19 484 1
19 1255 1
19 617 1
19 1002 1
19 2411 1
19 1516 1
19 751 1
19 496 1
19 497 1
19 757 1
19 2409 1
19 505 1
19 1406 1
20 517 1
20 2179 1
20 667 1
20 418 1
20 539 1
20 38 1
20 2307 1
20 169 1
20 569 1
20 2234 1
20 850 1
20 445 1
20 2378 1
20 1483 1
20 78 1
20 338 1
20 1630 1
20 1764 1
20 2152 1
20 82 1
20 1265 1
20 503 1
20 632 1
21 288 1
21 675 1
21 36 1
21 328 1
21 1721 1
21 1386 1
21 2284 1
21 46 1
21 1604 1
21 1432 1
21 951 1
21 1240 1
21 25 1
21 541 1
21 62 1
21 2117 1
22 648 1
22 1035 1
22 141 1
22 142 1
22 2195 1
22 544 1
22 1954 1
22 675 1
22 37 1
22 2214 1
22 303 1
22 567 1
22 2237 1
22 2115 1
22 715 1
22 80 1
22 1494 1
22 728 1
22 602 1
22 221 1
22 1759 1
22 1506 1
22 642 1
22 507 1
22 1534 1
23 1254 1
23 1904 1
23 474 1
23 61 1
23 965 1
24 129 1
24 1410 1
24 1125 1
24 2345 1
24 2023 1
24 206 1
24 111 1
24 2041 1
24 830 1
25 1920 1
25 263 1
25 533 1
25 273 1
25 402 1
25 665 1
25 554 1
25 2475 1
25 818 1
25 565 1
25 310 1
25 827 1
25 1212 1
25 1982 1
25 575 1
25 1222 1
25 330 1
25 986 1
25 992 1
25 2065 1
25 146 1
25 1141 1
25 1045 1
26 1026 1
26 535 1
26 1173 1
26 278 1
26 1047 1
26 935 1
26 1969 1
26 1594 1
26 955 1
26 1354 1
26 194 1
26 2244 1
26 1864 1
26 458 1
26 85 1
26 2011 1
26 94 1
26 1509 1
26 2151 1
26 701 1
26 497 1
26 117 1
26 2431 1
27 1025 1
27 259 1
27 1670 1
27 525 1
27 926 1
27 808 1
27 42 1
27 48 1
27 177 1
27 1458 1
27 439 1
27 2233 1
27 187 1
27 1213 1
27 193 1
27 1602 1
27 707 1
27 197 1
27 1870 1
27 335 1
27 1877 1
27 350 1
27 736 1
27 486 1
27 488 1
27 2241 1
27 748 1
27 1647 1
27 1064 1
27 1397 1
27 124 1
27 638 1
28 289 1
28 141 1
28 1871 1
28 822 1
28 316 1
29 2180 1
29 167 1
29 401 1
29 1813 1
29 1179 1
30 640 1
30 1155 1
30 261 1
30 134 1
30 2056 1
30 394 1
30 913 1
30 531 1
30 1685 1
30 1174 1
30 2199 1
30 1176 1
30 516 1
30 924 1
30 31 1
30 560 1
30 2082 1
30 804 1
30 1189 1
30 1190 1
30 807 1
30 425 1
30 942 1
30 2043 1
30 176 1
30 696 1
30 186 1
30 2058 1
30 1215 1
30 1729 1
30 1476 1
30 73 1
30 1911 1
30 973 1
30 1358 1
30 337 1
30 82 1
30 1492 1
30 218 1
30 92 1
30 99 1
30 1380 1
30 359 1
30 233 1
30 1130 1
30 2412 1
30 372 1
30 631 1
30 120 1
30 2004 1
30 1727 1
30 2173 1
31 1027 1
31 270 1
31 786 1
31 919 1
31 155 1
31 1821 1
31 930 1
31 165 1
31 1834 1
31 43 1
31 175 1
31 1715 1
31 2102 1
31 59 1
31 2492 1
31 829 1
31 67 1
31 1740 1
31 77 1
31 726 1
31 1624 1
31 1116 1
31 477 1
31 2014 1
31 1339 1
31 101 1
31 1519 1
31 1012 1
31 1144 1
31 122 1
31 1659 1
32 513 1
32 1442 1
32 769 1
32 140 1
32 1999 1
32 72 1
32 84 1
32 118 1
32 116 1
32 700 1
32 798 1
33 615 1
33 521 1
33 802 1
33 57 1
33 123 1
33 476 1
34 352 1
34 993 1
34 356 1
34 838 1
34 294 1
34 137 1
34 1470 1
34 1067 1
34 1835 1
34 387 1
34 52 1
34 750 1
34 201 1
34 504 1
34 1184 1
34 1305 1
34 766 1
34 383 1
35 290 1
35 228 1
35 901 1
35 230 1
35 170 1
35 302 1
35 1905 1
35 2085 1
35 93 1
35 1701 1
36 1167 1
36 1555 1
36 295 1
36 40 1
36 1449 1
36 43 1
36 44 1
36 2477 1
36 1585 1
36 183 1
36 568 1
36 1652 1
36 700 1
36 190 1
36 74 1
36 331 1
36 2260 1
36 735 1
36 231 1
36 232 1
36 1261 1
36 1390 1
36 1906 1
36 628 1
36 253 1
37 1742 1
37 578 1
37 996 1
37 1302 1
37 558 1
37 815 1
37 1360 1
37 81 1
37 2483 1
37 110 1
37 1252 1
37 1498 1
38 1792 1
38 2466 1
38 68 1
38 460 1
38 2280 1
38 854 1
38 1951 1
38 380 1
38 159 1
39 1224 1
39 1833 1
39 994 1
39 1653 1
40 133 1
40 522 1
40 148 1
40 792 1
40 153 1
40 542 1
40 160 1
40 817 1
40 1080 1
40 829 1
40 1091 1
40 1606 1
40 1738 1
40 334 1
40 312 1
40 1260 1
40 220 1
40 1762 1
40 100 1
40 108 1
40 1398 1
40 375 1
40 763 1
40 2300 1
41 1288 1
41 2455 1
41 2040 1
41 157 1
42 1280 1
42 2439 1
42 79 1
43 1249 1
43 1314 1
43 550 1
43 1515 1
43 1634 1
43 1935 1
43 49 1
43 1266 1
43 1143 1
43 191 1
44 2432 1
44 1441 1
44 226 1
44 622 1
44 1943 1
44 315 1
45 129 1
45 931 1
45 1860 1
45 2316 1
45 1004 1
45 1549 1
45 2318 1
45 720 1
45 214 1
45 1625 1
45 57 1
45 349 1
46 256 1
46 97 1
46 173 1
46 1649 1
46 788 1
46 213 1
46 1111 1
46 152 1
46 1684 1
46 1914 1
47 402 1
47 280 1
47 794 1
47 2458 1
47 286 1
47 1956 1
47 556 1
47 1101 1
47 776 1
47 1717 1
47 310 1
47 1591 1
47 56 1
47 1595 1
47 316 1
47 1471 1
47 192 1
47 195 1
47 198 1
47 71 1
47 77 1
47 462 1
47 845 1
47 336 1
47 983 1
47 91 1
47 732 1
47 1374 1
47 1763 1
47 616 1
47 60 1
47 2414 1
47 488 1
47 2367 1
47 2169 1
47 1658 1
47 1403 1
47 1743 1
48 1475 1
48 2123 1
48 76 1
48 1908 1
49 161 1
49 2275 1
49 780 1
49 719 1
49 1392 1
49 1011 1
49 1716 1
49 2315 1
49 1780 1
49 106 1
49 1407 1
50 163 1
50 135 1
50 395 1
50 2306 1
50 1424 1
50 1208 1
50 1059 1
50 958 1
50 438 1
50 1129 1
50 248 1
50 1375 1
50 414 1
50 1109 1
51 2496 1
51 2459 1
51 1531 1
51 223 1
53 140 1
53 400 1
53 149 1
53 664 1
53 1817 1
53 671 1
53 293 1
53 2103 1
53 2232 1
53 187 1
53 1980 1
53 68 1
53 1096 1
53 2252 1
53 205 1
53 333 1
53 722 1
53 84 1
53 2023 1
53 630 1
53 119 1
53 1018 1
53 1022 1
53 2453 1
54 2080 1
54 897 1
54 572 1
54 1580 1
54 109 1
54 560 1
54 1138 1
54 275 1
54 1526 1
54 1545 1
54 473 1
54 220 1
54 2109 1
54 574 1
54 63 1
55 2093 1
55 2226 1
55 877 1
55 139 1
55 2252 1
55 66 1
55 2002 1
55 1235 1
55 148 1
55 1686 1
55 986 1
55 62 1
56 329 1
57 1376 1
57 1347 1
57 1158 1
57 417 1
57 778 1
57 1751 1
57 1294 1
57 920 1
57 1422 1
57 215 1
57 120 1
57 153 1
57 538 1
57 1886 1
57 2399 1
58 128 1
58 752 1
58 676 1
58 389 1
58 1553 1
58 2365 1
58 656 1
58 1009 1
58 1362 1
58 371 1
58 2324 1
58 768 1
58 1113 1
58 2497 1
58 1276 1
58 125 1
58 254 1
59 65 1
59 486 1
59 2017 1
59 1325 1
59 942 1
59 2319 1
59 1589 1
59 726 1
59 1789 1
60 2145 1
60 934 1
60 2192 1
60 1072 1
60 2228 1
60 1238 1
60 89 1
60 250 1
60 509 1
61 1921 1
61 130 1
61 644 1
61 1541 1
61 2186 1
61 400 1
61 1710 1
61 1582 1
61 669 1
61 671 1
61 2339 1
61 1064 1
61 430 1
61 2442 1
61 2423 1
61 2134 1
61 2268 1
61 374 1
61 247 1
61 248 1
61 890 1
61 1557 1
62 676 1
62 102 1
62 614 1
62 588 1
62 286 1
63 1462 1
64 771 1
64 389 1
64 2454 1
64 2159 1
64 2206 1
64 517 1
64 289 1
64 296 1
64 171 1
64 1864 1
64 181 1
64 311 1
64 1055 1
64 828 1
64 317 1
64 576 1
64 1219 1
64 417 1
64 1608 1
64 2091 1
64 85 1
64 1495 1
64 1533 1
64 860 1
64 991 1
64 96 1
64 866 1
64 619 1
64 1021 1
64 1141 1
64 2465 1
64 1404 1
64 125 1
64 639 1
65 97 1
65 1001 1
65 202 1
65 1005 1
65 2365 1
65 976 1
65 1010 1
65 899 1
65 629 1
65 1239 1
65 379 1
65 1802 1
66 255 1
66 997 1
67 1412 1
67 500 1
68 143 1
68 79 1
69 386 1
69 932 1
69 361 1
69 108 1
69 2157 1
69 174 1
69 528 1
69 1416 1
69 2002 1
69 275 1
69 213 1
69 1398 1
69 1454 1
69 1081 1
69 2042 1
69 571 1
70 555 1
70 1278 1
70 127 1
71 1536 1
71 393 1
71 1322 1
71 1262 1
71 1264 1
71 211 1
71 2270 1
71 1785 1
71 1754 1
71 1807 1
71 1598 1
72 931 1
72 2244 1
72 2024 1
72 939 1
72 909 1
72 941 1
72 244 1
72 1275 1
72 1211 1
72 252 1
73 1616 1
73 1849 1
73 570 1
74 1417 1
74 781 1
74 1807 1
74 1939 1
74 1559 1
74 1314 1
74 2087 1
74 2268 1
74 682 1
74 905 1
74 184 1
74 704 1
74 1224 1
74 841 1
74 1356 1
74 2256 1
74 338 1
74 470 1
74 1500 1
74 100 1
74 1127 1
74 1384 1
74 624 1
74 2024 1
74 377 1
74 2302 1
75 1126 1
75 358 1
75 321 1
75 1454 1
75 176 1
75 1829 1
75 703 1
76 784 1
76 151 1
76 2328 1
76 2203 1
76 1180 1
76 1698 1
76 2221 1
76 883 1
76 2485 1
76 319 1
76 340 1
76 599 1
76 2013 1
76 222 1
76 480 1
76 610 1
76 1123 1
76 490 1
76 1651 1
76 1013 1
76 1270 1
77 416 1
77 839 1
77 269 1
78 1377 1
78 450 1
78 1033 1
78 1137 1
78 2198 1
78 1245 1
78 101 1
79 1223 1
79 319 1
80 204 1
80 789 1
80 1142 1
80 1887 1
81 1540 1
81 2184 1
81 906 1
81 396 1
81 526 1
81 1195 1
81 1456 1
81 2353 1
81 1715 1
81 825 1
81 954 1
81 2442 1
81 964 1
81 1618 1
81 1364 1
81 1884 1
81 354 1
81 243 1
81 759 1
81 891 1
81 382 1
82 231 1
82 999 1
82 237 1
82 1358 1
82 1199 1
82 500 1
82 1274 1
82 539 1
82 1565 1
82 511 1
83 359 1
83 189 1
83 207 1
84 2272 1
84 1194 1
84 1620 1
84 91 1
85 392 1
85 235 1
85 973 1
85 1744 1
85 1074 1
86 1281 1
86 1062 1
86 307 1
86 2282 1
86 428 1
86 1202 1
86 1517 1
86 1522 1
86 1042 1
86 564 1
86 725 1
86 89 1
86 93 1
87 637 1
87 2098 1
87 181 1
87 1753 1
87 1661 1
87 2142 1
87 255 1
88 656 1
88 1221 1
89 613 1
89 1680 1
89 625 1
89 595 1
89 2133 1
89 415 1
90 98 1
90 236 1
90 130 1
90 1455 1
90 146 1
90 2196 1
90 2062 1
90 251 1
91 1509 1
91 808 1
91 1097 1
91 618 1
91 461 1
91 1576 1
91 2066 1
91 341 1
91 630 1
91 1460 1
91 1306 1
91 1565 1
91 2398 1
92 257 1
92 1447 1
92 2088 1
92 1214 1
92 855 1
92 473 1
92 378 1
93 98 1
93 421 1
93 1201 1
93 745 1
93 394 1
93 2254 1
93 2224 1
93 547 1
93 131 1
93 756 1
93 503 1
93 1592 1
93 2217 1
93 346 1
93 157 1
94 971 1
94 1167 1
94 787 1
94 2389 1
94 697 1
95 135 1
95 145 1
95 1305 1
95 1945 1
95 411 1
95 1436 1
95 162 1
95 166 1
95 1065 1
95 940 1
95 2357 1
95 1334 1
95 1335 1
95 191 1
95 1621 1
95 218 1
95 96 1
95 1379 1
95 1297 1
95 495 1
95 2419 1
95 2089 1
98 1056 1
98 643 1
98 132 1
98 2486 1
98 104 1
98 1225 1
98 874 1
98 701 1
98 1488 1
98 113 1
98 115 1
98 154 1
98 2276 1
98 287 1
99 450 1
99 291 1
99 2344 1
99 841 1
99 1771 1
99 237 1
99 718 1
99 2445 1
99 1204 1
99 405 1
99 278 1
99 312 1
99 601 1
99 219 1
99 733 1
100 514 1
100 1123 1
100 1203 1
100 549 1
100 1062 1
100 999 1
100 489 1
100 1229 1
100 714 1
100 399 1
100 2286 1
100 2194 1
100 1107 1
100 782 1
100 527 1
100 1978 1
100 475 1
100 285 1
100 1439 1
101 1795 1
101 1414 1
101 391 1
101 653 1
101 1038 1
101 662 1
101 1182 1
101 1670 1
101 1959 1
101 1324 1
101 1200 1
101 562 1
101 1332 1
101 1205 1
101 2360 1
101 1083 1
101 449 1
101 2078 1
101 208 1
101 337 1
101 1373 1
101 735 1
101 484 1
101 103 1
101 233 1
102 867 1
102 681 1
102 2297 1
102 2138 1
102 1147 1
102 478 1
103 1419 1
103 199 1
103 1288 1
103 1607 1
103 334 1
103 2019 1
103 408 1
103 156 1
103 477 1
104 1075 1
104 2210 1
104 111 1
105 385 1
105 1154 1
105 1667 1
105 274 1
105 1299 1
105 2159 1
105 1450 1
105 177 1
105 179 1
105 1590 1
105 1081 1
105 1600 1
105 1603 1
105 589 1
105 2287 1
105 249 1
105 985 1
105 870 1
105 106 1
105 1135 1
105 244 1
105 632 1
105 633 1
106 160 1
106 161 1
106 1699 1
106 325 1
106 929 1
106 456 1
106 2455 1
106 654 1
106 879 1
106 592 1
106 755 1
106 1972 1
106 1333 1
106 598 1
106 2286 1
106 1368 1
106 1145 1
106 1646 1
106 318 1
107 994 1
107 2121 1
107 299 1
107 114 1
107 2459 1
108 2401 1
108 2125 1
108 2385 1
108 2422 1
109 2347 1
109 710 1
109 1163 1
109 1300 1
109 535 1
109 2106 1
109 1596 1
109 957 1
109 1189 1
110 704 1
110 1537 1
110 2267 1
110 196 1
110 494 1
110 178 1
110 1427 1
110 2071 1
110 667 1
110 927 1
111 2306 1
111 1836 1
111 1831 1
111 492 1
111 1482 1
111 204 1
111 493 1
111 1036 1
111 783 1
111 432 1
111 1704 1
111 466 1
111 276 1
111 1525 1
111 690 1
111 283 1
111 383 1
112 344 1
112 826 1
112 1758 1
113 548 1
113 262 1
113 1003 1
113 1101 1
113 238 1
113 1265 1
113 1012 1
113 1014 1
113 1015 1
113 2050 1
113 121 1
113 413 1
113 1855 1
114 1728 1
114 685 1
114 462 1
114 118 1
114 1052 1
114 2397 1
115 891 1
115 1394 1
116 1057 1
116 452 1
116 521 1
116 2218 1
116 459 1
116 172 1
116 143 1
116 1168 1
116 2269 1
116 2476 1
116 948 1
116 1078 1
116 381 1
116 376 1
116 868 1
116 314 1
116 1435 1
116 188 1
116 285 1
117 483 1
117 1329 1
117 2439 1
117 271 1
117 369 1
117 182 1
118 138 1
118 878 1
119 832 1
119 1551 1
119 1456 1
119 663 1
119 699 1
119 412 1
120 1290 1
120 398 1
120 604 1
120 1981 1
121 2180 1
121 330 1
121 429 1
121 2005 1
121 247 1
121 1400 1
121 314 1
121 1786 1
121 414 1
123 384 1
123 1702 1
123 171 1
123 236 1
123 559 1
123 369 1
123 147 1
123 2075 1
123 1084 1
123 2461 1
124 2211 1
124 1611 1
124 1136 1
124 953 1
124 2428 1
124 511 1
125 1998 1
125 623 1
125 379 1
125 252 1
126 322 1
126 2198 1
126 1255 1
126 169 1
126 626 1
126 1046 1
126 281 1
126 188 1
126 509 1
127 267 1
127 785 1
127 2486 1
127 1848 1
128 229 1
128 1228 1
128 365 1
128 1977 1
128 1019 1
129 1040 1
129 163 1
129 1190 1
129 1030 1
129 167 1
129 600 1
129 265 1
129 174 1
129 781 1
129 840 1
129 209 1
129 1230 1
129 212 1
129 597 1
129 634 1
129 1582 1
130 1184 1
130 2030 1
130 472 1
130 604 1
131 1539 1
131 1892 1
131 2247 1
131 525 1
131 494 1
131 208 1
131 754 1
131 628 1
131 1652 1
131 378 1
131 1118 1
132 1029 1
132 1318 1
132 1799 1
132 1832 1
132 2492 1
132 1783 1
132 749 1
132 206 1
132 1239 1
132 828 1
132 1149 1
132 1733 1
133 785 1
133 426 1
133 427 1
133 241 1
133 1682 1
133 2292 1
133 1585 1
133 697 1
133 698 1
133 796 1
133 1482 1
134 1222 1
134 1100 1
134 690 1
134 403 1
134 1465 1
134 510 1
135 1831 1
135 245 1
135 637 1
135 2421 1
136 1155 1
136 225 1
136 1442 1
136 2190 1
136 406 1
136 440 1
136 217 1
136 282 1
136 1468 1
136 1178 1
136 1919 1
137 1638 1
137 1351 1
137 556 1
137 1794 1
137 1337 1
137 1468 1
138 2110 1
140 857 1
140 458 1
140 1735 1
141 258 1
141 1187 1
141 836 1
141 2487 1
141 1512 1
141 298 1
141 907 1
141 1837 1
141 974 1
141 272 1
141 1170 1
141 2067 1
141 884 1
141 1079 1
141 1380 1
141 2026 1
141 1444 1
142 256 1
142 162 1
142 1159 1
142 1554 1
142 274 1
142 1625 1
142 572 1
143 809 1
143 304 1
143 915 1
143 731 1
144 1120 1
144 2403 1
144 1165 1
144 1870 1
144 1204 1
144 445 1
145 875 1
145 1191 1
145 1000 1
145 425 1
145 311 1
145 270 1
145 759 1
145 528 1
145 501 1
145 151 1
145 1371 1
145 1148 1
145 893 1
145 1150 1
146 618 1
146 1333 1
148 1472 1
148 321 1
148 721 1
148 339 1
148 1177 1
149 2304 1
149 1863 1
149 932 1
150 451 1
150 997 1
150 1002 1
150 876 1
150 155 1
150 574 1
151 1289 1
151 1139 1
151 1385 1
151 506 1
151 1243 1
151 764 1
152 1024 1
152 2115 1
152 1347 1
152 1691 1
152 1896 1
152 1739 1
152 335 1
152 1891 1
152 1535 1
152 159 1
153 1473 1
153 810 1
153 1069 1
153 1328 1
153 349 1
154 545 1
154 392 1
154 1899 1
154 1330 1
155 1620 1
156 481 1
156 290 1
156 1544 1
156 713 1
156 1511 1
156 1039 1
156 2065 1
156 1236 1
156 1353 1
156 504 1
156 506 1
156 1701 1
157 1122 1
157 1418 1
157 397 1
157 413 1
158 1388 1
158 466 1
158 1086 1
159 292 1
159 357 1
159 551 1
159 1038 1
159 2063 1
159 595 1
159 1108 1
159 795 1
159 189 1
160 1378 1
160 2182 1
160 551 1
160 748 1
160 1079 1
160 460 1
160 1522 1
160 1645 1
160 240 1
160 306 1
160 1895 1
160 1932 1
160 2422 1
160 471 1
160 2338 1
160 861 1
161 1218 1
161 2481 1
161 1401 1
161 826 1
161 1500 1
162 876 1
163 224 1
163 1286 1
163 390 1
163 257 1
163 1550 1
163 404 1
163 1783 1
164 355 1
164 1871 1
164 1457 1
164 1790 1
164 446 1
165 276 1
166 192 1
166 2179 1
166 356 1
166 869 1
166 1098 1
166 203 1
166 1388 1
166 1719 1
166 1043 1
166 2229 1
166 1561 1
166 281 1
166 1914 1
166 1083 1
166 444 1
166 606 1
167 320 1
167 2212 1
167 420 1
167 264 1
167 1168 1
167 2449 1
167 1301 1
167 1284 1
167 1788 1
168 2066 1
168 629 1
168 1150 1
169 864 1
169 1171 1
169 2052 1
169 1767 1
169 361 1
169 428 1
169 1556 1
169 1777 1
169 1001 1
169 1462 1
169 313 1
169 185 1
169 1563 1
169 1596 1
169 2333 1
171 809 1
171 843 1
171 1296 1
171 1553 1
171 2356 1
171 791 1
172 923 1
172 1910 1
173 515 1
173 354 1
174 563 1
174 1465 1
174 807 1
175 2018 1
175 230 1
175 744 1
175 2443 1
175 239 1
175 1660 1
176 353 1
176 1147 1
176 2262 1
176 1560 1
176 263 1
176 1965 1
176 266 1
176 1869 1
176 925 1
176 1383 1
176 577 1
176 568 1
176 859 1
176 765 1
177 357 1
177 712 1
177 649 1
177 1502 1
178 491 1
178 2149 1
178 1223 1
178 1352 1
178 235 1
178 2120 1
178 1810 1
178 852 1
178 409 1
178 442 1
179 1075 1
179 1006 1
180 1449 1
180 438 1
180 347 1
180 1726 1
182 1712 1
182 706 1
182 2140 1
183 2131 1
183 197 1
183 647 1
183 1928 1
183 1201 1
183 1963 1
183 303 1
183 593 1
183 1267 1
183 1172 1
183 254 1
183 2326 1
183 345 1
183 1050 1
183 431 1
183 1181 1
183 1781 1
184 872 1
184 1217 1
184 226 1
185 467 1
185 468 1
185 2285 1
186 1121 1
186 422 1
186 424 1
186 1132 1
186 463 1
186 1790 1
186 367 1
187 1936 1
187 323 1
188 1928 1
189 2483 1
189 2408 1
189 2476 1
189 845 1
189 279 1
189 472 1
190 963 1
190 455 1
190 2186 1
190 1196 1
190 2413 1
190 1486 1
190 1775 1
190 688 1
191 1003 1
191 196 1
191 297 1
191 1903 1
191 1493 1
192 1216 1
192 1110 1
192 1430 1
192 1982 1
193 1538 1
193 2161 1
193 721 1
193 1161 1
193 202 1
193 238 1
193 2416 1
193 689 1
193 1747 1
193 404 1
193 846 1
193 1681 1
193 2393 1
193 350 1
194 1889 1
194 867 1
194 1609 1
194 922 1
195 1731 1
195 2469 1
195 1519 1
195 1431 1
196 2440 1
196 1729 1
196 298 1
197 1088 1
197 1765 1
197 1065 1
197 2187 1
197 686 1
197 437 1
197 1658 1
198 291 1
198 1862 1
198 1930 1
198 1655 1
198 1676 1
198 2488 1
198 2003 1
198 532 1
198 631 1
198 2392 1
198 441 1
198 223 1
199 1145 1
199 919 1
199 1102 1
200 419 1
201 2043 1
202 1989 1
202 518 1
202 327 1
202 1960 1
202 910 1
202 239 1
202 624 1
202 881 1
202 2259 1
202 1273 1
202 216 1
202 793 1
202 956 1
202 1534 1
203 326 1
203 587 1
203 1941 1
203 2172 1
204 1061 1
204 457 1
204 331 1
204 1842 1
204 434 1
204 1942 1
204 2136 1
204 1497 1
204 2428 1
204 253 1
204 1822 1
205 1955 1
205 1771 1
206 645 1
206 520 1
206 938 1
206 527 1
206 2167 1
207 1017 1
207 430 1
207 543 1
208 1480 1
208 297 1
208 1687 1
208 210 1
208 242 1
208 564 1
208 1399 1
208 1594 1
208 924 1
209 896 1
209 355 1
209 1382 1
209 683 1
209 332 1
209 1423 1
209 2162 1
209 1374 1
209 469 1
209 758 1
209 1722 1
209 1310 1
210 2183 1
210 1511 1
210 268 1
210 1748 1
211 730 1
211 989 1
211 678 1
212 737 1
212 1102 1
212 679 1
213 1408 1
213 1250 1
213 439 1
213 2284 1
213 322 1
213 1207 1
213 1530 1
213 1947 1
213 2108 1
214 405 1
214 741 1
215 1320 1
215 2090 1
216 1924 1
216 1514 1
216 1547 1
216 718 1
216 2139 1
216 540 1
218 465 1
218 1510 1
219 1610 1
219 2052 1
219 435 1
220 1188 1
221 482 1
221 250 1
222 1634 1
222 2181 1
222 744 1
222 972 1
222 1498 1
222 1310 1
223 1728 1
223 1188 1
223 1094 1
223 1448 1
223 1929 1
223 813 1
223 1134 1
223 1005 1
223 1197 1
223 1304 1
223 1757 1
224 234 1
224 1953 1
224 1287 1
225 1984 1
225 2051 1
225 1516 1
225 946 1
225 2293 1
225 407 1
225 1243 1
226 465 1
226 1902 1
226 1809 1
227 581 1
228 376 1
228 888 1
228 1340 1
229 419 1
229 815 1
229 1752 1
229 856 1
229 767 1
230 384 1
230 1381 1
230 550 1
230 232 1
230 299 1
230 2216 1
230 370 1
230 1427 1
230 692 1
230 1812 1
230 2362 1
230 2036 1
230 2068 1
231 315 1
232 407 1
233 1867 1
233 2045 1
234 875 1
234 2191 1
234 752 1
234 241 1
234 411 1
234 1343 1
235 1153 1
235 2140 1
235 1879 1
236 736 1
236 266 1
236 240 1
236 273 1
236 1650 1
236 243 1
236 245 1
236 970 1
236 1183 1
237 485 1
237 1575 1
237 1980 1
237 1905 1
237 563 1
237 1044 1
237 1975 1
237 1116 1
237 2430 1
238 1952 1
238 518 1
238 433 1
238 2380 1
238 1194 1
238 1579 1
238 364 1
238 498 1
238 947 1
238 789 1
238 1495 1
238 1017 1
238 446 1
239 1029 1
239 1073 1
239 723 1
239 889 1
239 505 1
239 1834 1
240 673 1
240 1286 1
240 2151 1
240 1808 1
240 887 1
241 352 1
241 2326 1
241 1315 1
241 1164 1
241 979 1
241 820 1
241 853 1
241 566 1
241 1852 1
241 581 1
242 2128 1
242 451 1
242 2369 1
242 455 1
242 300 1
242 590 1
242 659 1
242 2196 1
242 309 1
242 602 1
242 251 1
242 1020 1
242 381 1
242 475 1
243 2402 1
243 300 1
243 280 1
243 2297 1
243 1178 1
244 512 1
244 576 1
244 1856 1
244 1642 1
244 2406 1
244 929 1
244 970 1
244 2183 1
244 655 1
244 1169 1
244 1760 1
244 1404 1
244 1882 1
244 444 1
244 541 1
244 1022 1
244 1215 1
245 1379 1
245 1349 1
245 649 1
245 1069 1
245 719 1
245 1872 1
245 1873 1
245 918 1
245 393 1
245 1276 1
245 317 1
246 2176 1
246 1985 1
246 1031 1
246 1322 1
246 723 1
246 1461 1
246 1337 1
246 537 1
246 1114 1
246 549 1
247 2303 1
247 569 1
248 770 1
248 717 1
248 433 1
248 1396 1
248 2361 1
248 249 1
248 1908 1
249 323 1
249 260 1
249 279 1
249 848 1
249 561 1
249 963 1
249 1269 1
249 2007 1
249 343 1
249 1977 1
249 1180 1
249 1823 1
250 448 1
250 2155 1
250 1455 1
250 625 1
250 1106 1
250 852 1
250 277 1
250 703 1
251 1922 1
251 452 1
251 998 1
251 1417 1
251 844 1
251 1362 1
251 2223 1
251 1237 1
251 1718 1
252 324 1
252 1229 1
252 977 1
252 2038 1
253 588 1
253 582 1
253 1601 1
254 441 1
254 367 1
255 847 1
255 1103 1
255 2015 1
256 1480 1
256 1369 1
258 1986 1
258 1901 1
259 1730 1
259 1708 1
259 287 1
259 605 1
259 2046 1
259 1695 1
260 1326 1
261 2122 1
262 2432 1
262 2470 1
262 2119 1
262 1865 1
262 301 1
262 373 1
262 2294 1
262 2073 1
262 277 1
263 1984 1
263 272 1
263 1156 1
263 617 1
263 591 1
263 1935 1
263 1467 1
263 2236 1
264 375 1
265 834 1
265 2095 1
266 368 1
266 482 1
266 1008 1
266 519 1
266 2337 1
266 495 1
266 1233 1
267 705 1
267 1059 1
267 1413 1
267 423 1
267 658 1
267 693 1
267 727 1
268 1048 1
269 282 1
269 1260 1
269 607 1
270 1506 1
271 608 1
271 738 1
271 936 1
271 633 1
271 917 1
272 839 1
272 1291 1
272 694 1
272 2495 1
273 1068 1
273 493 1
273 2164 1
273 1814 1
275 2368 1
275 1067 1
275 1654 1
275 594 1
275 371 1
275 536 1
275 895 1
276 2109 1
276 542 1
277 373 1
278 740 1
278 2444 1
278 1900 1
278 364 1
278 529 1
278 787 1
278 1782 1
278 1437 1
279 1283 1
279 1868 1
279 2004 1
280 889 1
283 1723 1
283 388 1
283 584 1
283 1867 1
283 2062 1
283 360 1
283 374 1
283 763 1
283 447 1
285 1082 1
285 570 1
285 324 1
285 422 1
285 292 1
285 680 1
285 778 1
285 396 1
285 717 1
285 623 1
285 689 1
285 946 1
285 307 1
285 346 1
285 1359 1
285 538 1
285 1278 1
285 1277 1
286 320 1
286 1635 1
286 1317 1
286 1767 1
286 1429 1
286 1533 1
288 1443 1
288 421 1
288 619 1
288 2257 1
288 882 1
288 2166 1
288 765 1
288 1407 1
289 1440 1
289 611 1
289 2472 1
289 366 1
289 1839 1
289 341 1
289 2363 1
289 1311 1
289 575 1
290 712 1
290 1524 1
291 545 1
291 1282 1
291 2406 1
291 391 1
291 1577 1
291 2188 1
291 1934 1
291 1865 1
291 1983 1
293 2149 1
293 683 1
293 692 1
293 987 1
294 1680 1
294 469 1
294 893 1
295 325 1
295 305 1
295 2288 1
295 2161 1
296 1892 1
296 1013 1
297 1072 1
297 1815 1
297 1590 1
298 802 1
298 651 1
298 348 1
298 1789 1
299 865 1
299 1447 1
299 993 1
299 305 1
299 1650 1
299 883 1
299 665 1
300 2250 1
300 459 1
300 2095 1
300 593 1
301 385 1
301 1857 1
301 2407 1
301 1363 1
301 2231 1
301 636 1
302 1641 1
302 457 1
302 2391 1
302 382 1
303 1700 1
303 1479 1
303 1672 1
303 2452 1
303 1874 1
303 1299 1
303 980 1
303 1237 1
303 1209 1
303 308 1
303 1818 1
304 1256 1
304 329 1
304 2370 1
304 610 1
304 2194 1
304 1854 1
305 1025 1
305 1226 1
305 1484 1
305 1171 1
305 1812 1
305 1272 1
306 1129 1
306 890 1
310 442 1
310 412 1
310 1050 1
311 1667 1
312 834 1
312 2281 1
312 1583 1
312 2263 1
312 1885 1
313 2448 1
313 614 1
314 1861 1
314 2383 1
314 825 1
314 2100 1
314 1439 1
315 529 1
315 708 1
316 1364 1
316 1151 1
316 363 1
317 2479 1
317 534 1
317 1114 1
317 1917 1
317 917 1
318 1830 1
318 969 1
318 557 1
318 784 1
318 1393 1
318 627 1
318 1321 1
318 922 1
319 363 1
319 2206 1
320 1207 1
320 2299 1
320 1884 1
320 510 1
322 1550 1
322 1971 1
322 1581 1
323 806 1
324 1696 1
324 2208 1
324 643 1
324 806 1
324 872 1
324 2383 1
324 670 1
325 742 1
326 353 1
326 1346 1
326 1897 1
326 2253 1
326 824 1
326 344 1
326 1529 1
326 1434 1
326 1240 1
326 1693 1
327 1710 1
328 2317 1
329 1810 1
329 435 1
329 534 1
330 1912 1
330 669 1
331 938 1
331 2205 1
331 537 1
333 948 1
334 1669 1
334 2382 1
335 769 1
335 2241 1
335 2058 1
335 1679 1
335 1018 1
336 2096 1
336 1420 1
336 1968 1
336 1041 1
336 1753 1
336 959 1
337 1457 1
337 908 1
337 1591 1
338 2054 1
338 687 1
338 2420 1
338 635 1
338 2205 1
338 1086 1
339 580 1
339 879 1
340 443 1
342 768 1
342 804 1
342 837 1
342 1673 1
342 1323 1
342 1644 1
342 431 1
342 2384 1
343 801 1
343 2021 1
343 776 1
343 464 1
345 1927 1
345 2094 1
345 2255 1
345 2426 1
345 1435 1
345 668 1
345 1726 1
346 1573 1
347 603 1
347 1391 1
348 2407 1
348 2350 1
348 1361 1
350 992 1
350 386 1
350 2181 1
350 900 1
350 453 1
350 1793 1
350 1387 1
350 912 1
350 1137 1
350 1939 1
350 1621 1
350 502 1
350 2116 1
350 1157 1
351 553 1
351 1076 1
351 2039 1
351 410 1
352 1004 1
352 434 1
354 612 1
354 729 1
354 2101 1
354 1879 1
354 1433 1
355 660 1
355 1611 1
356 1384 1
356 489 1
356 1642 1
356 2411 1
356 1837 1
356 399 1
356 661 1
357 418 1
358 2456 1
358 684 1
359 1057 1
359 487 1
359 426 1
359 2239 1
360 2336 1
360 1863 1
360 904 1
360 585 1
360 499 1
360 1721 1
360 1209 1
360 447 1
361 962 1
361 1156 1
361 1127 1
362 1825 1
362 651 1
362 774 1
362 1654 1
362 1045 1
362 902 1
362 1369 1
362 606 1
362 1973 1
364 1828 1
364 1612 1
364 816 1
364 1745 1
364 1685 1
364 566 1
364 805 1
365 1250 1
365 1191 1
365 2195 1
365 532 1
365 727 1
365 1496 1
365 1181 1
366 860 1
366 989 1
367 1898 1
368 1089 1
369 836 1
369 1317 1
369 758 1
369 443 1
370 1827 1
370 1796 1
370 814 1
370 1169 1
371 1504 1
371 706 1
371 579 1
371 934 1
371 1617 1
372 743 1
372 1485 1
372 1648 1
372 531 1
373 928 1
373 862 1
375 2321 1
375 691 1
375 1494 1
375 1367 1
375 377 1
375 1438 1
375 1843 1
376 1697 1
376 812 1
376 620 1
376 1049 1
376 2077 1
378 1091 1
378 1149 1
378 1542 1
379 1632 1
379 2072 1
379 2037 1
380 945 1
380 598 1
381 571 1
381 1974 1
382 1441 1
383 548 1
383 1122 1
384 816 1
384 975 1
385 2360 1
385 638 1
386 1474 1
386 547 1
387 796 1
388 695 1
389 2092 1
389 1828 1
390 2331 1
390 907 1
391 2107 1
391 2027 1
391 507 1
392 2016 1
392 1446 1
392 777 1
392 1097 1
392 1175 1
393 2081 1
393 817 1
393 1906 1
393 790 1
393 1467 1
393 2271 1
394 933 1
394 1656 1
394 2491 1
394 1628 1
395 1979 1
396 1633 1
396 797 1
396 1365 1
396 1944 1
398 2457 1
399 870 1
400 1409 1
400 1734 1
400 886 1
400 823 1
400 1849 1
400 2010 1
400 2300 1
403 1248 1
403 1092 1
403 429 1
403 2230 1
404 944 1
404 1066 1
405 2126 1
405 1678 1
407 674 1
407 2313 1
407 2026 1
407 1707 1
407 2156 1
407 653 1
407 885 1
407 408 1
407 573 1
407 1566 1
407 959 1
408 1605 1
408 1800 1
408 1130 1
408 1750 1
408 415 1
409 2209 1
409 1421 1
409 2035 1
409 2238 1
409 670 1
410 2342 1
410 490 1
410 1113 1
410 794 1
410 508 1
411 1220 1
411 1845 1
411 2296 1
411 2301 1
411 766 1
412 1846 1
412 1125 1
413 641 1
415 1461 1
416 2401 1
416 2446 1
416 1140 1
416 1198 1
416 1974 1
416 1431 1
416 1657 1
416 2239 1
417 1120 1
417 449 1
417 2379 1
417 1420 1
417 591 1
417 2447 1
417 1725 1
417 1214 1
418 1024 1
418 2243 1
418 1741 1
418 1781 1
418 1976 1
421 645 1
421 1481 1
421 971 1
421 1777 1
422 1681 1
423 746 1
424 939 1
424 1348 1
424 1491 1
426 1604 1
426 491 1
426 589 1
426 1202 1
427 513 1
429 2272 1
429 1958 1
429 968 1
429 2316 1
429 1164 1
429 1416 1
429 1816 1
430 1292 1
430 530 1
430 916 1
430 926 1
431 2079 1
431 1133 1
432 1316 1
432 966 1
432 1737 1
432 1080 1
432 1330 1
432 1557 1
432 952 1
434 715 1
434 1821 1
435 1128 1
435 1836 1
435 2451 1
436 1032 1
436 496 1
436 1192 1
436 954 1
437 654 1
438 1734 1
438 678 1
439 772 1
439 1967 1
440 2437 1
441 814 1
441 662 1
442 2111 1
442 981 1
442 951 1
443 880 1
443 1106 1
443 523 1
444 1747 1
444 679 1
445 1822 1
446 900 1
446 1957 1
447 1705 1
448 1292 1
448 646 1
449 1944 1
449 2275 1
450 1282 1
450 2436 1
450 454 1
450 650 1
450 943 1
450 1913 1
451 1576 1
451 1387 1
451 1028 1
452 1225 1
452 1718 1
452 1817 1
452 1244 1
454 1218 1
454 463 1
454 1076 1
454 1814 1
455 1791 1
455 935 1
456 603 1
457 1036 1
457 803 1
457 1615 1
458 2111 1
458 775 1
459 1730 1
460 553 1
460 2435 1
460 2311 1
461 2210 1
462 998 1
462 499 1
462 863 1
462 639 1
464 2044 1
465 1033 1
466 739 1
466 2092 1
466 1651 1
466 981 1
467 1162 1
467 1475 1
468 634 1
468 673 1
469 512 1
469 835 1
469 1773 1
470 1571 1
470 901 1
470 775 1
470 1975 1
470 874 1
471 1929 1
473 745 1
473 557 1
473 658 1
473 1883 1
473 1247 1
474 620 1
474 1309 1
475 2077 1
476 1758 1
476 1054 1
476 878 1
477 977 1
478 544 1
478 1063 1
478 621 1
478 2130 1
478 1665 1
478 1339 1
479 906 1
479 655 1
479 1649 1
479 1268 1
479 702 1
480 2048 1
480 743 1
480 714 1
480 661 1
480 2332 1
481 608 1
481 1829 1
481 519 1
481 2160 1
481 1031 1
481 685 1
481 1616 1
481 2417 1
481 2165 1
481 567 1
481 795 1
481 1725 1
482 760 1
482 849 1
484 552 1
484 713 1
484 1160 1
484 2424 1
484 1117 1
485 1668 1
485 1969 1
485 1054 1
485 1503 1
486 2302 1
487 905 1
487 1319 1
487 740 1
488 958 1
489 1800 1
490 530 1
490 950 1
491 672 1
491 2494 1
492 888 1
492 687 1
493 1139 1
493 709 1
493 1811 1
493 2074 1
494 1877 1
495 611 1
495 2405 1
495 811 1
495 694 1
495 2394 1
495 1567 1
496 832 1
496 1496 1
498 2474 1
498 587 1
498 1293 1
498 1279 1
499 1854 1
499 779 1
499 677 1
500 680 1
500 1395 1
500 1039 1
500 627 1
500 733 1
501 1103 1
502 2225 1
502 1236 1
504 920 1
504 2491 1
505 1706 1
505 988 1
506 1313 1
506 580 1
506 2154 1
506 2222 1
506 1776 1
506 851 1
507 1615 1
507 1539 1
508 1419 1
508 711 1
508 1227 1
508 573 1
508 657 1
508 797 1
509 1573 1
509 1832 1
509 2354 1
509 819 1
510 988 1
510 1655 1
511 1644 1
511 716 1
511 554 1
511 684 1
511 1558 1
511 1528 1
511 1689 1
511 1279 1
512 833 1
512 842 1
512 1099 1
512 1071 1
512 1405 1
512 2282 1
512 1691 1
512 1290 1
514 974 1
514 1159 1
516 1121 1
516 586 1
516 1197 1
519 967 1
519 2471 1
519 783 1
519 842 1
520 2312 1
520 1246 1
520 1529 1
521 1619 1
521 1438 1
521 2057 1
523 2219 1
523 1806 1
524 801 1
524 962 1
524 1459 1
524 2081 1
524 1346 1
524 1839 1
524 1555 1
524 755 1
524 605 1
526 1597 1
527 1295 1
528 640 1
528 800 1
528 2434 1
528 2084 1
528 983 1
531 592 1
533 2310 1
533 681 1
536 968 1
536 827 1
536 543 1
537 1259 1
539 1093 1
539 582 1
539 903 1
539 1517 1
539 1104 1
539 1107 1
539 1270 1
539 1336 1
542 2490 1
543 2280 1
545 2377 1
545 2211 1
545 1077 1
545 2362 1
547 2177 1
547 886 1
548 1349 1
548 950 1
549 2452 1
550 1331 1
551 1232 1
551 1695 1
551 1661 1
555 565 1
557 2334 1
557 1742 1
557 1015 1
558 1248 1
558 1890 1
560 578 1
560 1599 1
560 1077 1
561 577 1
561 1430 1
561 2022 1
561 873 1
561 1773 1
561 1326 1
561 2096 1
561 978 1
561 660 1
561 1206 1
561 858 1
561 894 1
562 1008 1
563 1144 1
563 2025 1
563 1990 1
564 2067 1
564 843 1
565 1414 1
566 2018 1
566 585 1
567 2434 1
569 1016 1
569 609 1
569 770 1
570 1548 1
570 590 1
570 2044 1
570 2270 1
571 857 1
573 1600 1
573 1034 1
573 1011 1
575 2489 1
575 2484 1
576 1513 1
576 1474 1
578 2281 1
578 1042 1
578 2230 1
579 2105 1
581 1251 1
583 2059 1
583 1006 1
583 1402 1
583 2334 1
584 2343 1
584 749 1
584 848 1
584 1405 1
587 1570 1
587 1095 1
587 2441 1
587 2290 1
587 693 1
587 599 1
587 1720 1
588 642 1
588 666 1
588 674 1
588 1043 1
588 762 1
588 1532 1
591 672 1
591 821 1
593 1603 1
594 1712 1
594 881 1
595 616 1
595 969 1
595 1743 1
595 912 1
595 1192 1
595 1749 1
595 1593 1
596 1096 1
596 2069 1
596 1275 1
596 2143 1
597 822 1
599 2323 1
600 1852 1
600 2445 1
600 1063 1
601 1688 1
602 1315 1
602 760 1
602 1146 1
602 1693 1
604 928 1
606 2499 1
606 2074 1
606 1869 1
607 779 1
607 2134 1
607 1246 1
608 985 1
609 1028 1
610 644 1
610 953 1
611 626 1
611 691 1
612 2340 1
612 2155 1
612 716 1
612 1389 1
612 1709 1
613 1949 1
614 1925 1
615 1806 1
617 2402 1
618 1744 1
618 1785 1
618 1109 1
619 1249 1
620 739 1
622 1545 1
623 1761 1
623 1092 1
623 1095 1
623 2263 1
624 1085 1
626 2451 1
626 699 1
626 1119 1
627 738 1
627 2308 1
627 2223 1
627 945 1
627 724 1
627 1909 1
627 663 1
627 1210 1
629 1776 1
629 1409 1
630 688 1
631 1745 1
633 1272 1
633 1751 1
635 1165 1
635 1163 1
635 943 1
636 1584 1
636 1564 1
637 1675 1
637 1683 1
638 2056 1
638 2153 1
640 1058 1
640 1027 1
640 2469 1
640 2219 1
640 782 1
640 2147 1
640 1342 1
640 1307 1
642 1793 1
642 1055 1
643 1992 1
645 1518 1
646 710 1
646 1100 1
646 2391 1
646 1087 1
648 952 1
648 2128 1
648 2158 1
652 1372 1
654 2376 1
654 2494 1
655 707 1
656 2168 1
656 2197 1
657 2001 1
657 1174 1
658 2141 1
658 1526 1
658 753 1
660 1568 1
660 2400 1
660 1393 1
660 1552 1
661 966 1
662 2470 1
662 1345 1
662 1021 1
665 1478 1
665 982 1
667 1390 1
667 1413 1
669 1090 1
669 1493 1
670 940 1
670 909 1
670 1425 1
670 984 1
670 1179 1
671 996 1
672 1338 1
674 1216 1
674 2049 1
674 823 1
675 1952 1
675 1172 1
678 1505 1
678 1702 1
678 1257 1
678 1815 1
679 1574 1
679 1213 1
679 910 1
682 750 1
682 1007 1
682 2390 1
682 1535 1
683 1848 1
683 871 1
683 773 1
684 835 1
684 1989 1
684 741 1
684 742 1
684 1909 1
684 821 1
684 854 1
684 1689 1
684 793 1
685 728 1
685 764 1
685 1128 1
686 868 1
686 1381 1
686 1303 1
686 1913 1
686 2425 1
687 1569 1
687 773 1
687 2493 1
687 830 1
689 1411 1
690 1312 1
690 2433 1
690 2339 1
690 2372 1
690 837 1
690 2088 1
690 1676 1
690 1518 1
690 1426 1
690 2330 1
690 1087 1
692 1185 1
693 2199 1
694 2355 1
695 1193 1
695 1234 1
696 1622 1
697 720 1
697 1291 1
698 1160 1
700 1700 1
702 1010 1
702 1491 1
702 1583 1
703 1176 1
703 1859 1
703 1338 1
705 1501 1
706 1799 1
706 2344 1
706 921 1
706 2107 1
707 902 1
707 1648 1
707 1656 1
707 1853 1
707 1182 1
708 1136 1
708 2277 1
708 982 1
709 2127 1
709 1078 1
710 756 1
711 1044 1
712 1034 1
714 873 1
714 1543 1
714 967 1
716 810 1
717 1792 1
717 1221 1
717 2279 1
717 1230 1
717 1936 1
717 2322 1
717 1998 1
717 2462 1
717 855 1
717 1342 1
717 2175 1
718 2265 1
718 1084 1
718 2341 1
719 1226 1
719 1355 1
721 732 1
723 936 1
723 1631 1
724 730 1
724 1053 1
724 1574 1
726 1133 1
727 2440 1
727 1746 1
727 916 1
727 791 1
728 2200 1
728 2385 1
728 995 1
730 838 1
730 751 1
731 2167 1
731 1205 1
732 911 1
733 1598 1
734 2258 1
734 1957 1
736 1153 1
736 2053 1
736 1926 1
736 2295 1
736 780 1
736 2164 1
736 1303 1
736 862 1
737 1058 1
737 803 1
737 1484 1
737 1868 1
738 1353 1
738 1443 1
739 792 1
739 1099 1
740 1888 1
740 897 1
740 2478 1
740 847 1
741 1264 1
743 1804 1
743 811 1
744 1866 1
745 933 1
746 937 1
746 949 1
747 2298 1
747 2444 1
747 1765 1
748 819 1
748 1459 1
750 1177 1
750 1686 1
754 1451 1
755 1768 1
755 2267 1
756 1514 1
757 2091 1
758 1268 1
759 2116 1
759 2410 1
759 818 1
759 1564 1
760 976 1
763 2073 1
763 1918 1
763 1774 1
764 1284 1
764 869 1
764 1256 1
764 1803 1
764 1485 1
764 2038 1
766 1548 1
767 1318 1
767 1254 1
767 812 1
767 1131 1
767 1228 1
767 2188 1
767 1363 1
768 2310 1
768 1350 1
768 1578 1
768 846 1
768 1115 1
770 1778 1
770 2193 1
770 1263 1
772 1606 1
772 1195 1
772 2030 1
772 1915 1
772 2014 1
772 1023 1
773 2398 1
774 1000 1
775 1047 1
776 2204 1
777 1093 1
778 2292 1
778 925 1
781 1964 1
782 2305 1
782 1262 1
782 2387 1
782 1429 1
783 1289 1
784 849 1
784 1452 1
786 1366 1
787 1478 1
787 2080 1
788 2029 1
789 2313 1
789 1052 1
791 2094 1
793 1466 1
794 1595 1
794 1988 1
794 1798 1
794 1479 1
794 1073 1
794 2307 1
794 2329 1
794 923 1
796 1267 1
797 1157 1
797 1489 1
799 1501 1
799 2449 1
800 2234 1
800 1772 1
801 2010 1
801 2415 1
801 1118 1
802 864 1
802 2245 1
803 1866 1
803 1588 1
803 1994 1
804 2224 1
804 2099 1
805 1111 1
805 887 1
807 1504 1
809 1560 1
809 2305 1
810 1378 1
811 1020 1
811 892 1
812 1986 1
813 2464 1
813 2212 1
813 2249 1
813 1847 1
814 1719 1
814 2135 1
814 863 1
817 1787 1
817 1703 1
818 2229 1
819 1524 1
820 1858 1
820 1375 1
822 1238 1
823 2170 1
824 866 1
824 1037 1
824 2171 1
824 1887 1
830 1154 1
831 1483 1
831 1105 1
832 2137 1
833 1497 1
833 1371 1
833 1951 1
834 1412 1
834 1487 1
834 2480 1
834 2130 1
836 1536 1
837 1090 1
838 2438 1
838 2031 1
839 1258 1
839 1987 1
843 871 1
844 2264 1
844 2498 1
847 1820 1
847 2027 1
849 1963 1
850 856 1
852 1499 1
853 1763 1
853 1098 1
853 1881 1
853 2207 1
855 1332 1
856 865 1
857 1232 1
857 1609 1
857 2006 1
858 2240 1
859 1329 1
859 978 1
860 1320 1
860 1170 1
860 1245 1
860 1470 1
863 1558 1
863 957 1
864 1273 1
866 1258 1
867 1931 1
867 1386 1
869 1049 1
870 2496 1
870 2034 1
871 2142 1
873 1408 1
873 1696 1
876 1220 1
876 2380 1
876 1588 1
876 2108 1
877 1513 1
878 1711 1
878 2163 1
878 1878 1
878 2395 1
879 2431 1
879 1166 1
879 995 1
880 1692 1
880 2137 1
881 1244 1
881 1629 1
883 1960 1
883 921 1
885 2099 1
885 1971 1
886 1894 1
886 2246 1
886 2285 1
886 918 1
886 2424 1
888 1161 1
890 1410 1
892 1567 1
893 1808 1
893 2477 1
894 1448 1
894 1532 1
897 1016 1
898 1780 1
898 1294 1
900 1857 1
900 961 1
900 2153 1
900 1355 1
900 2366 1
900 903 1
900 2087 1
901 1242 1
902 1274 1
903 1104 1
903 1490 1
903 2259 1
903 1816 1
907 1761 1
909 1053 1
910 1847 1
910 1035 1
911 1774 1
912 2218 1
913 1142 1
913 1138 1
913 2373 1
914 1376 1
914 1755 1
914 2124 1
915 2375 1
915 1424 1
915 2294 1
915 1277 1
916 2346 1
916 2436 1
917 1507 1
917 1269 1
918 1674 1
920 984 1
920 1327 1
922 1605 1
922 2327 1
923 1562 1
924 979 1
924 1844 1
924 1085 1
925 1948 1
928 1464 1
929 2296 1
930 1476 1
930 1623 1
930 955 1
930 1308 1
931 1674 1
931 1452 1
931 990 1
932 2290 1
933 975 1
934 1446 1
935 1997 1
935 1389 1
936 2177 1
936 1797 1
936 1673 1
936 1940 1
936 2389 1
936 965 1
938 1406 1
938 2485 1
940 2410 1
940 1251 1
940 1966 1
941 1619 1
942 1046 1
943 2189 1
943 1070 1
943 1629 1
943 1023 1
946 1383 1
946 1835 1
946 1428 1
946 2008 1
947 2061 1
950 1991 1
950 1838 1
950 1749 1
950 2426 1
950 2335 1
951 1697 1
952 2040 1
952 1805 1
954 1444 1
955 1158 1
956 961 1
956 1440 1
956 2327 1
959 2403 1
959 1110 1
961 1477 1
962 1874 1
962 1521 1
963 1688 1
963 1589 1
964 1428 1
966 2209 1
968 2222 1
971 1401 1
972 1684 1
973 1636 1
973 1231 1
974 1538 1
974 1523 1
974 1335 1
974 1210 1
975 2009 1
976 1825 1
978 1666 1
978 1549 1
980 1423 1
982 1032 1
983 1341 1
985 1664 1
985 1345 1
986 1523 1
988 1891 1
988 2311 1
988 1071 1
988 1112 1
988 2202 1
990 1173 1
990 2413 1
990 1481 1
991 1664 1
991 1675 1
992 1732 1
993 1714 1
993 2039 1
996 1520 1
996 1993 1
996 2354 1
998 1200 1
998 1910 1
998 1094 1
999 2113 1
1000 1372 1
1000 2045 1
1001 2374 1
1002 1912 1
1002 1618 1
1004 1257 1
1004 1930 1
1004 2121 1
1005 1948 1
1005 2165 1
1009 1768 1
1009 2171 1
1009 1302 1
1011 2443 1
1013 1060 1
1013 2154 1
1014 1115 1
1014 2420 1
1015 1143 1
1018 1925 1
1018 1070 1
1018 1327 1
1018 1397 1
1019 1626 1
1022 2090 1
1023 1361 1
1024 1703 1
1026 1823 1
1027 1241 1
1028 1134 1
1028 1089 1
1029 1622 1
1036 2103 1
1036 1331 1
1038 2064 1
1040 1740 1
1040 1304 1
1040 1146 1
1040 1756 1
1041 1328 1
1042 1415 1
1044 1584 1
1045 1187 1
1045 2437 1
1046 1571 1
1048 1818 1
1049 2276 1
1049 2102 1
1050 1801 1
1050 2133 1
1052 1366 1
1053 1365 1
1054 2201 1
1054 1999 1
1056 1433 1
1058 1298 1
1058 1779 1
1058 1918 1
1060 1562 1
1060 1733 1
1061 1132 1
1061 2461 1
1061 1175 1
1064 1762 1
1064 2388 1
1066 1211 1
1066 2467 1
1066 1489 1
1067 2320 1
1067 1554 1
1068 1445 1
1068 2430 1
1068 1759 1
1069 1991 1
1069 1639 1
1070 1580 1
1070 2213 1
1071 1614 1
1073 2174 1
1074 1770 1
1074 1764 1
1075 1665 1
1075 1900 1
1075 2273 1
1077 1612 1
1077 2070 1
1081 1469 1
1084 1563 1
1086 2235 1
1088 1923 1
1088 1575 1
1088 2132 1
1088 1845 1
1088 1978 1
1088 2012 1
1089 2202 1
1089 1947 1
1089 1543 1
1091 1152 1
1091 1632 1
1091 1797 1
1091 1940 1
1091 2005 1
1093 1234 1
1093 2338 1
1094 1921 1
1095 1183 1
1095 2435 1
1096 2350 1
1097 1208 1
1097 2274 1
1097 1544 1
1098 2377 1
1098 1741 1
1099 1271 1
1105 1992 1
1105 2059 1
1105 2126 1
1106 1961 1
1108 1472 1
1108 1537 1
1108 1135 1
1108 1880 1
1109 1357 1
1110 2028 1
1111 1266 1
1111 1902 1
1112 2120 1
1113 1643 1
1114 1166 1
1115 1542 1
1119 2265 1
1119 1341 1
1120 1613 1
1123 2315 1
1125 1186 1
1126 1752 1
1126 1425 1
1126 1293 1
1131 1931 1
1133 2243 1
1133 2309 1
1133 1990 1
1135 1233 1
1136 1319 1
1137 1502 1
1137 1858 1
1138 2158 1
1140 1253 1
1140 1897 1
1140 1546 1
1140 1432 1
1141 2047 1
1141 1198 1
1141 1503 1
1142 1938 1
1144 2163 1
1146 1862 1
1147 2329 1
1147 1967 1
1148 1705 1
1152 1873 1
1152 1623 1
1153 1959 1
1153 1934 1
1153 1813 1
1153 1241 1
1153 1786 1
1155 1964 1
1159 2373 1
1159 1351 1
1160 1473 1
1160 2343 1
1160 1515 1
1160 2257 1
1160 1720 1
1160 1663 1
1161 1932 1
1162 1646 1
1171 2392 1
1171 1922 1
1172 1527 1
1173 2185 1
1177 1692 1
1177 2242 1
1179 1770 1
1179 1199 1
1180 1490 1
1181 2055 1
1181 1325 1
1183 1613 1
1184 1981 1
1193 1677 1
1195 1707 1
1195 1630 1
1196 1713 1
1197 1842 1
1200 1259 1
1201 1586 1
1201 1826 1
1201 2054 1
1202 1527 1
1206 2025 1
1208 2072 1
1208 1723 1
1210 1602 1
1210 1261 1
1213 1466 1
1213 1748 1
1214 2110 1
1217 2057 1
1218 1671 1
1219 2076 1
1222 2447 1
1225 1281 1
1225 1570 1
1225 1841 1
1226 1640 1
1226 1769 1
1226 1235 1
1226 2335 1
1227 2007 1
1228 1784 1
1231 2246 1
1232 2189 1
1232 2191 1
1232 1392 1
1232 1979 1
1232 1469 1
1233 1791 1
1235 1422 1
1237 2342 1
1238 1370 1
1238 1391 1
1240 1323 1
1240 1263 1
1242 1510 1
1243 2097 1
1244 2031 1
1245 2083 1
1245 2215 1
1245 1994 1
1245 1360 1
1250 1285 1
1250 1830 1
1250 2283 1
1250 1426 1
1252 1400 1
1252 1411 1
1255 1463 1
1256 1638 1
1257 2287 1
1257 2416 1
1257 2012 1
1257 2046 1
1259 1727 1
1261 1699 1
1261 1883 1
1264 2100 1
1265 1359 1
1268 1577 1
1268 2124 1
1272 1933 1
1275 1660 1
1275 1722 1
1276 2356 1
1277 1312 1
1279 1809 1
1279 1916 1
1281 2112 1
1282 1766 1
1285 2274 1
1285 1415 1
1288 2295 1
1288 2277 1
1289 1298 1
1289 1716 1
1289 1434 1
1290 1344 1
1291 1324 1
1291 2320 1
1294 1941 1
1297 1569 1
1297 2266 1
1297 2381 1
1298 1732 1
1300 2396 1
1300 1354 1
1300 2114 1
1301 1321 1
1302 1899 1
1303 1738 1
1303 1572 1
1304 2371 1
1306 1919 1
1312 1377 1
1314 1803 1
1322 2314 1
1322 2331 1
1328 1639 1
1328 1617 1
1330 1352 1
1330 1853 1
1331 1672 1
1331 2256 1
1333 2429 1
1335 1704 1
1335 1784 1
1335 2145 1
1336 1385 1
1338 2364 1
1340 1856 1
1340 1954 1
1340 1488 1
1340 1760 1
1341 1368 1
1345 2009 1
1347 2061 1
1347 2366 1
1349 1668 1
1350 1995 1
1352 2253 1
1354 1875 1
1356 1593 1
1357 1824 1
1357 1552 1
1357 1450 1
1357 2456 1
1358 1893 1
1359 2029 1
1359 1993 1
1363 1631 1
1363 2279 1
1364 1841 1
1366 2258 1
1370 1587 1
1373 2319 1
1373 1911 1
1376 2278 1
1377 1889 1
1377 2169 1
1378 1402 1
1379 2213 1
1382 1587 1
1382 2168 1
1386 2247 1
1390 2220 1
1390 2395 1
1391 2367 1
1393 1882 1
1395 2192 1
1396 2404 1
1396 2317 1
1402 2019 1
1403 1880 1
1404 1608 1
1405 2035 1
1406 2355 1
1406 1962 1
1409 2288 1
1409 2314 1
1412 1679 1
1413 2415 1
1414 2473 1
1414 1561 1
1415 1923 1
1415 2028 1
1415 1901 1
1418 1627 1
1420 1464 1
1420 1597 1
1427 2375 1
1429 1578 1
1431 1945 1
1431 1778 1
1431 1855 1
1434 1492 1
1435 1453 1
1438 2419 1
1441 1724 1
1445 2050 1
1445 1453 1
1445 1811 1
1445 2390 1
1446 1801 1
1447 1746 1
1447 2478 1
1449 2166 1
1450 1926 1
1452 1512 1
1452 2097 1
1455 2089 1
1456 2473 1
1456 1876 1
1457 1824 1
1460 1682 1
1463 1898 1
1463 2162 1
1468 1579 1
1473 1772 1
1473 1601 1
1476 1706 1
1477 2006 1
1477 2369 1
1482 1757 1
1486 1628 1
1487 2086 1
1487 1890 1
1487 2381 1
1487 1820 1
1487 2495 1
1492 1916 1
1493 2497 1
1493 2132 1
1494 1965 1
1495 1669 1
1497 2386 1
1499 2352 1
1499 2330 1
1499 2143 1
1502 1508 1
1503 2238 1
1508 1677 1
1509 2001 1
1511 2283 1
1513 2299 1
1514 1798 1
1515 1521 1
1515 2187 1
1515 2462 1
1520 2363 1
1520 1851 1
1520 1782 1
1521 2251 1
1524 2468 1
1525 1528 1
1528 2197 1
1529 1592 1
1531 2144 1
1531 1924 1
1534 2358 1
1535 2176 1
1536 1556 1
1536 2203 1
1541 1805 1
1543 2396 1
1544 2332 1
1545 1893 1
1549 2318 1
1551 2021 1
1551 1678 1
1553 2000 1
1556 1846 1
1560 1713 1
1564 1641 1
1564 2271 1
1565 2178 1
1565 2079 1
1566 1662 1
1567 2201 1
1567 1586 1
1567 2069 1
1573 2051 1
1577 2349 1
1577 1966 1
1582 1827 1
1584 1737 1
1586 2170 1
1587 1804 1
1597 1953 1
1598 2114 1
1598 2325 1
1599 2117 1
1600 2261 1
1606 2139 1
1618 2071 1
1619 2336 1
1620 2346 1
1621 2405 1
1629 2348 1
1631 1876 1
1632 2433 1
1632 1663 1
1635 1731 1
1636 2085 1
1648 1755 1
1651 1788 1
1651 1996 1
1653 1850 1
1653 2498 1
1658 2122 1
1658 2341 1
1668 1769 1
1668 1938 1
1674 1943 1
1677 2235 1
1683 1915 1
1683 1750 1
1688 2364 1
1690 2499 1
1693 2125 1
1695 2352 1
1698 2118 1
1699 1917 1
1700 2266 1
1700 2359 1
1702 1844 1
1704 1895 1
1705 2160 1
1705 2382 1
1708 1881 1
1708 2345 1
1708 1711 1
1709 2448 1
1712 1878 1
1717 2262 1
1717 2129 1
1718 2418 1
1720 1996 1
1723 1840 1
1723 2148 1
1729 2237 1
1731 1988 1
1731 2278 1
1737 2458 1
1739 2358 1
1740 2304 1
1752 2450 1
1753 2008 1
1757 2146 1
1757 2123 1
1757 2036 1
1757 1962 1
1758 2387 1
1760 1950 1
1761 2047 1
1764 1942 1
1771 1802 1
1773 2041 1
1775 2378 1
1778 2076 1
1780 2242 1
1782 2397 1
1785 2020 1
1790 2240 1
1791 2427 1
1792 2060 1
1794 2467 1
1796 2207 1
1798 2064 1
1799 2273 1
1801 1937 1
1811 2441 1
1811 2141 1
1813 2131 1
1814 2340 1
1815 2479 1
1817 2148 1
1818 1987 1
1819 2084 1
1829 2033 1
1831 1946 1
1832 1904 1
1833 1907 1
1841 1896 1
1841 2082 1
1848 1950 1
1850 2248 1
1851 2481 1
1856 2098 1
1857 1894 1
1858 2399 1
1867 2156 1
1868 2226 1
1869 2376 1
1872 2250 1
1875 2032 1
1875 2127 1
1876 1997 1
1882 2016 1
1882 2488 1
1882 2152 1
1886 2220 1
1889 2225 1
1891 2020 1
1898 2361 1
1900 2269 1
1901 2370 1
1904 2146 1
1904 2147 1
1906 2412 1
1911 2249 1
1916 2068 1
1916 1946 1
1922 2293 1
1922 2053 1
1926 2236 1
1926 2015 1
1927 2182 1
1928 2298 1
1928 2157 1
1929 2324 1
1931 1970 1
1934 2174 1
1934 2078 1
1938 2325 1
1940 2379 1
1942 2093 1
1948 2000 1
1950 2112 1
1964 2463 1
1964 1983 1
1970 2003 1
1971 2427 1
1975 2032 1
1985 2048 1
1986 2101 1
1997 2042 1
1998 2106 1
2019 2118 1
2025 2261 1
2048 2200 1
2058 2312 1
2061 2217 1
2072 2248 1
2080 2289 1
2086 2349 1
2092 2359 1
2097 2150 1
2111 2232 1
2114 2351 1
2115 2493 1
2117 2384 1
2125 2400 1
2143 2264 1
2146 2482 1
2167 2464 1
2167 2175 1
2171 2309 1
2173 2231 1
2177 2254 1
2184 2460 1
2184 2417 1
2202 2446 1
2218 2353 1
2221 2351 1
2246 2408 1
2254 2471 1
2277 2308 1
2278 2393 1
2278 2490 1
2280 2321 1
2288 2414 1
2305 2484 1
2313 2457 1
2333 2386 1
2334 2388 1
2359 2421 1
2360 2460 1
2389 2409 1
2401 2438 1
2401 2463 1
2427 2453 1
2444 2487 1
2460 2472 1
