1 2
1 9
1 10
2 1
2 9
2 10
2 111
3 7
3 166
3 175
4 7
4 118
4 155
4 185
5 103
6 117
6 187
7 3
7 4
7 9
8 52
8 66
8 86
8 92
9 1
9 2
9 7
10 1
10 2
10 15
10 134
11 104
11 161
12 159
13 23
13 44
13 159
14 36
14 128
15 10
15 18
15 20
16 52
16 64
17 18
17 46
17 47
17 83
17 125
18 15
18 17
18 27
18 74
19 22
19 35
19 49
19 52
19 54
19 135
20 15
20 21
21 20
21 22
21 52
21 55
21 86
21 167
22 19
22 21
22 41
22 52
23 13
23 28
23 96
24 92
25 26
26 25
26 60
26 68
26 103
27 18
27 42
27 43
27 49
27 74
27 76
27 93
27 103
27 104
27 140
27 154
28 23
28 29
28 96
28 114
28 172
29 28
29 69
29 97
30 31
30 33
30 37
31 30
31 37
31 142
31 158
32 103
32 139
33 30
33 34
33 72
33 157
33 190
34 33
34 36
34 37
34 87
34 101
34 136
34 142
34 153
34 156
34 158
35 19
36 14
36 34
37 30
37 31
37 34
37 170
38 87
39 50
39 59
40 43
41 22
42 27
42 52
42 88
42 92
42 176
43 27
43 40
43 46
43 49
43 52
43 55
43 56
43 57
43 99
43 125
43 138
43 139
43 140
43 146
43 154
44 13
44 161
44 165
45 89
45 143
45 156
46 17
46 43
46 53
46 55
46 85
46 88
46 164
47 17
47 52
48 53
48 99
49 19
49 27
49 43
49 62
49 83
49 84
49 135
50 39
51 99
52 8
52 16
52 19
52 21
52 22
52 42
52 43
52 47
52 57
52 64
52 183
53 46
53 48
53 139
53 148
53 168
53 180
53 182
54 19
54 68
54 86
54 99
55 21
55 43
55 46
55 90
56 43
56 64
56 161
56 169
56 173
57 43
57 52
58 59
59 39
59 58
59 75
59 130
60 26
60 61
60 160
61 60
61 77
61 145
61 160
61 191
62 49
62 84
63 66
63 83
63 84
64 16
64 52
64 56
65 78
65 153
65 156
66 8
66 63
66 67
66 78
66 125
67 66
67 167
67 176
68 26
68 54
68 120
69 29
69 73
69 79
69 81
69 117
70 82
70 141
71 72
71 75
71 141
72 33
72 71
72 75
73 69
74 18
74 27
74 86
75 59
75 71
75 72
76 27
76 171
77 61
77 137
77 178
77 183
77 188
78 65
78 66
78 101
79 69
80 172
81 69
81 133
82 70
83 17
83 49
83 63
83 84
84 49
84 62
84 63
84 83
85 46
86 8
86 21
86 54
86 74
87 34
87 38
87 91
87 96
88 42
88 46
89 45
89 95
89 101
89 156
90 55
90 149
90 175
90 181
90 184
91 87
92 8
92 24
92 42
92 129
93 27
93 109
94 102
94 108
94 143
95 89
95 101
96 23
96 28
96 87
96 142
96 153
97 29
98 153
98 177
99 43
99 48
99 51
99 54
99 103
100 125
100 135
101 34
101 78
101 89
101 95
101 114
101 116
102 94
102 108
102 143
103 5
103 26
103 27
103 32
103 99
104 11
104 27
105 106
105 117
105 119
106 105
107 112
107 113
108 94
108 102
109 93
110 123
110 125
111 2
112 107
112 126
113 107
113 115
113 126
113 128
113 130
114 28
114 101
115 113
115 116
115 126
115 128
115 130
115 190
116 101
116 115
116 127
116 131
116 144
117 6
117 69
117 105
118 4
119 105
120 68
120 121
121 120
122 124
122 150
122 179
123 110
124 122
125 17
125 43
125 66
125 100
125 110
126 112
126 113
126 115
127 116
127 144
128 14
128 113
128 115
128 130
129 92
129 132
129 137
129 150
130 59
130 113
130 115
130 128
130 136
130 159
131 116
131 143
132 129
133 81
134 10
135 19
135 49
135 100
136 34
136 130
136 142
137 77
137 129
137 186
137 189
138 43
139 32
139 43
139 53
140 27
140 43
140 146
141 70
141 71
142 31
142 34
142 96
142 136
143 45
143 94
143 102
143 131
144 116
144 127
145 61
146 43
146 140
147 161
147 163
147 164
148 53
148 162
149 90
150 122
150 129
151 171
152 189
153 34
153 65
153 96
153 98
153 156
154 27
154 43
155 4
156 34
156 45
156 65
156 89
156 153
157 33
158 31
158 34
158 159
159 12
159 13
159 130
159 158
160 60
160 61
161 11
161 44
161 56
161 147
161 164
162 148
163 147
164 46
164 147
164 161
165 44
166 3
167 21
167 67
168 53
169 56
169 173
170 37
171 76
171 151
172 28
172 80
173 56
173 169
174 177
175 3
175 90
176 42
176 67
177 98
177 174
178 77
179 122
180 53
181 90
182 53
183 52
183 77
184 90
185 4
186 137
187 6
188 77
189 137
189 152
190 33
190 115
191 61
191 192
192 191
192 193
193 192